[gd_scene load_steps=6 format=3 uid="uid://i1vy2b7jrt4b"]

[ext_resource type="Script" uid="uid://caw1k87na72je" path="res://Scripts/player.gd" id="1_rpqav"]

[sub_resource type="CapsuleShape3D" id="CapsuleShape3D_qbkls"]

[sub_resource type="StandardMaterial3D" id="StandardMaterial3D_rpqav"]
albedo_color = Color(0.09019608, 1, 1, 1)

[sub_resource type="CapsuleMesh" id="CapsuleMesh_kyqiw"]
material = SubResource("StandardMaterial3D_rpqav")

[sub_resource type="BoxMesh" id="BoxMesh_rpqav"]
size = Vector3(0.3, 1, 0.3)

[node name="Player" type="CharacterBody3D"]
script = ExtResource("1_rpqav")

[node name="CollisionShape3D" type="CollisionShape3D" parent="."]
shape = SubResource("CapsuleShape3D_qbkls")

[node name="MeshInstance3D" type="MeshInstance3D" parent="."]
mesh = SubResource("CapsuleMesh_kyqiw")

[node name="Camera3D" type="Camera3D" parent="."]
transform = Transform3D(1, 0, 0, 0, 0.8660254, 0.5, 0, -0.5, 0.8660254, 0, 4, 4)

[node name="MeshInstance3D2" type="MeshInstance3D" parent="."]
transform = Transform3D(1, 0, 0, 0, 0.8839534, 0.467575, 0, -0.467575, 0.8839534, -0.5920407, -0.061382055, 0)
mesh = SubResource("BoxMesh_rpqav")

[node name="MeshInstance3D3" type="MeshInstance3D" parent="."]
transform = Transform3D(1, 0, 0, 0, 0.9339552, -0.35739014, 0, 0.35739014, 0.9339552, 0.5758166, -0.061382055, 0)
mesh = SubResource("BoxMesh_rpqav")
